{
 "cells": [
  {
   "cell_type": "code",
   "execution_count": 88,
   "id": "f629cc55",
   "metadata": {},
   "outputs": [],
   "source": [
    "# Importing modules\n",
    "\n",
    "import matplotlib.pyplot as plt\n",
    "import numpy as np\n",
    "import pandas as pd\n",
    "import glob"
   ]
  },
  {
   "cell_type": "code",
   "execution_count": 89,
   "id": "1c30d480",
   "metadata": {},
   "outputs": [
    {
     "data": {
      "text/html": [
       "<div>\n",
       "<style scoped>\n",
       "    .dataframe tbody tr th:only-of-type {\n",
       "        vertical-align: middle;\n",
       "    }\n",
       "\n",
       "    .dataframe tbody tr th {\n",
       "        vertical-align: top;\n",
       "    }\n",
       "\n",
       "    .dataframe thead th {\n",
       "        text-align: right;\n",
       "    }\n",
       "</style>\n",
       "<table border=\"1\" class=\"dataframe\">\n",
       "  <thead>\n",
       "    <tr style=\"text-align: right;\">\n",
       "      <th></th>\n",
       "      <th>time</th>\n",
       "      <th>f1_c</th>\n",
       "      <th>f1_a</th>\n",
       "      <th>f1_s</th>\n",
       "      <th>f1_d</th>\n",
       "      <th>f2_c</th>\n",
       "      <th>f2_a</th>\n",
       "      <th>f2_s</th>\n",
       "      <th>f2_d</th>\n",
       "      <th>prg_c</th>\n",
       "      <th>prg_a</th>\n",
       "      <th>prg_s</th>\n",
       "      <th>prg_d</th>\n",
       "      <th>prd_c</th>\n",
       "      <th>prd_a</th>\n",
       "      <th>prd_s</th>\n",
       "      <th>prd_d</th>\n",
       "      <th>pr_s</th>\n",
       "      <th>pr_d</th>\n",
       "      <th>lq_s</th>\n",
       "      <th>lq_d</th>\n",
       "      <th>cmp_a_s</th>\n",
       "      <th>cmp_a_d</th>\n",
       "      <th>cmp_b_s</th>\n",
       "      <th>cmp_b_d</th>\n",
       "      <th>cmp_c_s</th>\n",
       "      <th>cmp_c_d</th>\n",
       "    </tr>\n",
       "  </thead>\n",
       "  <tbody>\n",
       "    <tr>\n",
       "      <th>0</th>\n",
       "      <td>0.0000</td>\n",
       "      <td>0</td>\n",
       "      <td>0</td>\n",
       "      <td>0</td>\n",
       "      <td>0</td>\n",
       "      <td>1851</td>\n",
       "      <td>1831</td>\n",
       "      <td>155</td>\n",
       "      <td>0</td>\n",
       "      <td>0</td>\n",
       "      <td>0</td>\n",
       "      <td>0</td>\n",
       "      <td>0</td>\n",
       "      <td>50522</td>\n",
       "      <td>51872</td>\n",
       "      <td>21637</td>\n",
       "      <td>0</td>\n",
       "      <td>53281</td>\n",
       "      <td>0</td>\n",
       "      <td>28700</td>\n",
       "      <td>0</td>\n",
       "      <td>30781</td>\n",
       "      <td>0</td>\n",
       "      <td>1186</td>\n",
       "      <td>0</td>\n",
       "      <td>33567</td>\n",
       "      <td>0</td>\n",
       "    </tr>\n",
       "    <tr>\n",
       "      <th>1</th>\n",
       "      <td>0.1083</td>\n",
       "      <td>0</td>\n",
       "      <td>0</td>\n",
       "      <td>0</td>\n",
       "      <td>0</td>\n",
       "      <td>1851</td>\n",
       "      <td>1831</td>\n",
       "      <td>155</td>\n",
       "      <td>0</td>\n",
       "      <td>0</td>\n",
       "      <td>0</td>\n",
       "      <td>0</td>\n",
       "      <td>0</td>\n",
       "      <td>50522</td>\n",
       "      <td>51872</td>\n",
       "      <td>21637</td>\n",
       "      <td>0</td>\n",
       "      <td>53281</td>\n",
       "      <td>0</td>\n",
       "      <td>28700</td>\n",
       "      <td>0</td>\n",
       "      <td>30781</td>\n",
       "      <td>0</td>\n",
       "      <td>1186</td>\n",
       "      <td>0</td>\n",
       "      <td>33567</td>\n",
       "      <td>0</td>\n",
       "    </tr>\n",
       "    <tr>\n",
       "      <th>2</th>\n",
       "      <td>0.2103</td>\n",
       "      <td>0</td>\n",
       "      <td>0</td>\n",
       "      <td>0</td>\n",
       "      <td>0</td>\n",
       "      <td>1851</td>\n",
       "      <td>1831</td>\n",
       "      <td>155</td>\n",
       "      <td>0</td>\n",
       "      <td>0</td>\n",
       "      <td>0</td>\n",
       "      <td>0</td>\n",
       "      <td>0</td>\n",
       "      <td>50522</td>\n",
       "      <td>51872</td>\n",
       "      <td>21637</td>\n",
       "      <td>0</td>\n",
       "      <td>53281</td>\n",
       "      <td>0</td>\n",
       "      <td>28700</td>\n",
       "      <td>0</td>\n",
       "      <td>30781</td>\n",
       "      <td>0</td>\n",
       "      <td>1186</td>\n",
       "      <td>0</td>\n",
       "      <td>33567</td>\n",
       "      <td>0</td>\n",
       "    </tr>\n",
       "    <tr>\n",
       "      <th>3</th>\n",
       "      <td>0.3121</td>\n",
       "      <td>0</td>\n",
       "      <td>0</td>\n",
       "      <td>0</td>\n",
       "      <td>0</td>\n",
       "      <td>1851</td>\n",
       "      <td>1831</td>\n",
       "      <td>155</td>\n",
       "      <td>0</td>\n",
       "      <td>0</td>\n",
       "      <td>0</td>\n",
       "      <td>0</td>\n",
       "      <td>0</td>\n",
       "      <td>50522</td>\n",
       "      <td>51872</td>\n",
       "      <td>21637</td>\n",
       "      <td>0</td>\n",
       "      <td>53281</td>\n",
       "      <td>0</td>\n",
       "      <td>28700</td>\n",
       "      <td>0</td>\n",
       "      <td>30781</td>\n",
       "      <td>0</td>\n",
       "      <td>1186</td>\n",
       "      <td>0</td>\n",
       "      <td>33567</td>\n",
       "      <td>0</td>\n",
       "    </tr>\n",
       "    <tr>\n",
       "      <th>4</th>\n",
       "      <td>0.4141</td>\n",
       "      <td>0</td>\n",
       "      <td>0</td>\n",
       "      <td>0</td>\n",
       "      <td>0</td>\n",
       "      <td>1851</td>\n",
       "      <td>1831</td>\n",
       "      <td>155</td>\n",
       "      <td>0</td>\n",
       "      <td>0</td>\n",
       "      <td>0</td>\n",
       "      <td>0</td>\n",
       "      <td>0</td>\n",
       "      <td>50522</td>\n",
       "      <td>51872</td>\n",
       "      <td>21637</td>\n",
       "      <td>0</td>\n",
       "      <td>53281</td>\n",
       "      <td>0</td>\n",
       "      <td>28700</td>\n",
       "      <td>0</td>\n",
       "      <td>30781</td>\n",
       "      <td>0</td>\n",
       "      <td>1186</td>\n",
       "      <td>0</td>\n",
       "      <td>33567</td>\n",
       "      <td>0</td>\n",
       "    </tr>\n",
       "    <tr>\n",
       "      <th>...</th>\n",
       "      <td>...</td>\n",
       "      <td>...</td>\n",
       "      <td>...</td>\n",
       "      <td>...</td>\n",
       "      <td>...</td>\n",
       "      <td>...</td>\n",
       "      <td>...</td>\n",
       "      <td>...</td>\n",
       "      <td>...</td>\n",
       "      <td>...</td>\n",
       "      <td>...</td>\n",
       "      <td>...</td>\n",
       "      <td>...</td>\n",
       "      <td>...</td>\n",
       "      <td>...</td>\n",
       "      <td>...</td>\n",
       "      <td>...</td>\n",
       "      <td>...</td>\n",
       "      <td>...</td>\n",
       "      <td>...</td>\n",
       "      <td>...</td>\n",
       "      <td>...</td>\n",
       "      <td>...</td>\n",
       "      <td>...</td>\n",
       "      <td>...</td>\n",
       "      <td>...</td>\n",
       "      <td>...</td>\n",
       "    </tr>\n",
       "    <tr>\n",
       "      <th>9780</th>\n",
       "      <td>999.1758</td>\n",
       "      <td>53824</td>\n",
       "      <td>61269</td>\n",
       "      <td>65535</td>\n",
       "      <td>0</td>\n",
       "      <td>1896</td>\n",
       "      <td>1923</td>\n",
       "      <td>163</td>\n",
       "      <td>0</td>\n",
       "      <td>0</td>\n",
       "      <td>0</td>\n",
       "      <td>0</td>\n",
       "      <td>0</td>\n",
       "      <td>51424</td>\n",
       "      <td>49824</td>\n",
       "      <td>21149</td>\n",
       "      <td>0</td>\n",
       "      <td>55103</td>\n",
       "      <td>0</td>\n",
       "      <td>28995</td>\n",
       "      <td>0</td>\n",
       "      <td>30828</td>\n",
       "      <td>0</td>\n",
       "      <td>980</td>\n",
       "      <td>0</td>\n",
       "      <td>33725</td>\n",
       "      <td>0</td>\n",
       "    </tr>\n",
       "    <tr>\n",
       "      <th>9781</th>\n",
       "      <td>999.2778</td>\n",
       "      <td>53824</td>\n",
       "      <td>61269</td>\n",
       "      <td>65535</td>\n",
       "      <td>0</td>\n",
       "      <td>1896</td>\n",
       "      <td>1923</td>\n",
       "      <td>163</td>\n",
       "      <td>0</td>\n",
       "      <td>0</td>\n",
       "      <td>0</td>\n",
       "      <td>0</td>\n",
       "      <td>0</td>\n",
       "      <td>51424</td>\n",
       "      <td>49824</td>\n",
       "      <td>21149</td>\n",
       "      <td>0</td>\n",
       "      <td>55103</td>\n",
       "      <td>0</td>\n",
       "      <td>28995</td>\n",
       "      <td>0</td>\n",
       "      <td>30828</td>\n",
       "      <td>0</td>\n",
       "      <td>980</td>\n",
       "      <td>0</td>\n",
       "      <td>33725</td>\n",
       "      <td>0</td>\n",
       "    </tr>\n",
       "    <tr>\n",
       "      <th>9782</th>\n",
       "      <td>999.3796</td>\n",
       "      <td>42919</td>\n",
       "      <td>53824</td>\n",
       "      <td>65535</td>\n",
       "      <td>0</td>\n",
       "      <td>1868</td>\n",
       "      <td>1895</td>\n",
       "      <td>161</td>\n",
       "      <td>-2</td>\n",
       "      <td>0</td>\n",
       "      <td>0</td>\n",
       "      <td>0</td>\n",
       "      <td>0</td>\n",
       "      <td>52984</td>\n",
       "      <td>51424</td>\n",
       "      <td>21841</td>\n",
       "      <td>692</td>\n",
       "      <td>55163</td>\n",
       "      <td>60</td>\n",
       "      <td>28991</td>\n",
       "      <td>-4</td>\n",
       "      <td>30828</td>\n",
       "      <td>0</td>\n",
       "      <td>980</td>\n",
       "      <td>0</td>\n",
       "      <td>33725</td>\n",
       "      <td>0</td>\n",
       "    </tr>\n",
       "    <tr>\n",
       "      <th>9783</th>\n",
       "      <td>999.4818</td>\n",
       "      <td>42919</td>\n",
       "      <td>53824</td>\n",
       "      <td>65535</td>\n",
       "      <td>0</td>\n",
       "      <td>1868</td>\n",
       "      <td>1895</td>\n",
       "      <td>161</td>\n",
       "      <td>0</td>\n",
       "      <td>0</td>\n",
       "      <td>0</td>\n",
       "      <td>0</td>\n",
       "      <td>0</td>\n",
       "      <td>52984</td>\n",
       "      <td>51424</td>\n",
       "      <td>21841</td>\n",
       "      <td>0</td>\n",
       "      <td>55163</td>\n",
       "      <td>0</td>\n",
       "      <td>28991</td>\n",
       "      <td>0</td>\n",
       "      <td>30828</td>\n",
       "      <td>0</td>\n",
       "      <td>980</td>\n",
       "      <td>0</td>\n",
       "      <td>33725</td>\n",
       "      <td>0</td>\n",
       "    </tr>\n",
       "    <tr>\n",
       "      <th>9784</th>\n",
       "      <td>999.5839</td>\n",
       "      <td>42919</td>\n",
       "      <td>53824</td>\n",
       "      <td>65535</td>\n",
       "      <td>0</td>\n",
       "      <td>1868</td>\n",
       "      <td>1895</td>\n",
       "      <td>161</td>\n",
       "      <td>0</td>\n",
       "      <td>0</td>\n",
       "      <td>0</td>\n",
       "      <td>0</td>\n",
       "      <td>0</td>\n",
       "      <td>52984</td>\n",
       "      <td>51424</td>\n",
       "      <td>21841</td>\n",
       "      <td>0</td>\n",
       "      <td>55163</td>\n",
       "      <td>0</td>\n",
       "      <td>28991</td>\n",
       "      <td>0</td>\n",
       "      <td>30828</td>\n",
       "      <td>0</td>\n",
       "      <td>980</td>\n",
       "      <td>0</td>\n",
       "      <td>33725</td>\n",
       "      <td>0</td>\n",
       "    </tr>\n",
       "  </tbody>\n",
       "</table>\n",
       "<p>9785 rows × 27 columns</p>\n",
       "</div>"
      ],
      "text/plain": [
       "          time   f1_c   f1_a   f1_s  f1_d  f2_c  f2_a  f2_s  f2_d  prg_c  \\\n",
       "0       0.0000      0      0      0     0  1851  1831   155     0      0   \n",
       "1       0.1083      0      0      0     0  1851  1831   155     0      0   \n",
       "2       0.2103      0      0      0     0  1851  1831   155     0      0   \n",
       "3       0.3121      0      0      0     0  1851  1831   155     0      0   \n",
       "4       0.4141      0      0      0     0  1851  1831   155     0      0   \n",
       "...        ...    ...    ...    ...   ...   ...   ...   ...   ...    ...   \n",
       "9780  999.1758  53824  61269  65535     0  1896  1923   163     0      0   \n",
       "9781  999.2778  53824  61269  65535     0  1896  1923   163     0      0   \n",
       "9782  999.3796  42919  53824  65535     0  1868  1895   161    -2      0   \n",
       "9783  999.4818  42919  53824  65535     0  1868  1895   161     0      0   \n",
       "9784  999.5839  42919  53824  65535     0  1868  1895   161     0      0   \n",
       "\n",
       "      prg_a  prg_s  prg_d  prd_c  prd_a  prd_s  prd_d   pr_s  pr_d   lq_s  \\\n",
       "0         0      0      0  50522  51872  21637      0  53281     0  28700   \n",
       "1         0      0      0  50522  51872  21637      0  53281     0  28700   \n",
       "2         0      0      0  50522  51872  21637      0  53281     0  28700   \n",
       "3         0      0      0  50522  51872  21637      0  53281     0  28700   \n",
       "4         0      0      0  50522  51872  21637      0  53281     0  28700   \n",
       "...     ...    ...    ...    ...    ...    ...    ...    ...   ...    ...   \n",
       "9780      0      0      0  51424  49824  21149      0  55103     0  28995   \n",
       "9781      0      0      0  51424  49824  21149      0  55103     0  28995   \n",
       "9782      0      0      0  52984  51424  21841    692  55163    60  28991   \n",
       "9783      0      0      0  52984  51424  21841      0  55163     0  28991   \n",
       "9784      0      0      0  52984  51424  21841      0  55163     0  28991   \n",
       "\n",
       "      lq_d  cmp_a_s  cmp_a_d  cmp_b_s  cmp_b_d  cmp_c_s  cmp_c_d  \n",
       "0        0    30781        0     1186        0    33567        0  \n",
       "1        0    30781        0     1186        0    33567        0  \n",
       "2        0    30781        0     1186        0    33567        0  \n",
       "3        0    30781        0     1186        0    33567        0  \n",
       "4        0    30781        0     1186        0    33567        0  \n",
       "...    ...      ...      ...      ...      ...      ...      ...  \n",
       "9780     0    30828        0      980        0    33725        0  \n",
       "9781     0    30828        0      980        0    33725        0  \n",
       "9782    -4    30828        0      980        0    33725        0  \n",
       "9783     0    30828        0      980        0    33725        0  \n",
       "9784     0    30828        0      980        0    33725        0  \n",
       "\n",
       "[9785 rows x 27 columns]"
      ]
     },
     "execution_count": 89,
     "metadata": {},
     "output_type": "execute_result"
    }
   ],
   "source": [
    "# Reading training dataset\n",
    "\n",
    "pd.set_option('display.max_columns', None)\n",
    "df = pd.read_csv('dataset/train/training-data.csv')\n",
    "df"
   ]
  },
  {
   "cell_type": "code",
   "execution_count": 94,
   "id": "9c98091b",
   "metadata": {},
   "outputs": [
    {
     "name": "stdout",
     "output_type": "stream",
     "text": [
      "[[ 8.33215422e+04  1.29032733e+05  1.46236434e+05  1.34228503e+05\n",
      "  -9.71858748e+02  1.97304921e+03  2.24652179e+03  1.93266008e+02\n",
      "  -2.41535653e+00  1.25125565e+05  1.33368672e+05  1.66667274e+05\n",
      "  -8.25776134e+02  1.10980391e+04 -7.69392688e+03 -2.76542367e+03\n",
      "   8.06003030e+02  7.79404690e+03 -3.61722570e+01  1.91062947e+03\n",
      "   6.77747835e-01  2.74038201e+02  3.73328720e-01 -1.43266989e+04\n",
      "   6.78258116e-01  1.40546454e+04 -1.04993008e+00]\n",
      " [ 1.29032733e+05  9.36874690e+08  9.31363977e+08  9.29972881e+08\n",
      "   1.78022203e+06  9.43269817e+06  9.41431995e+06  7.99123213e+05\n",
      "   3.59605539e+02  1.47822674e+08  1.43849774e+08  1.77154042e+08\n",
      "   6.89086047e+05 -6.23570796e+08 -6.29943895e+08 -2.64776010e+08\n",
      "   2.27476235e+05  9.13488864e+06  8.80338661e+04  4.27019177e+05\n",
      "   1.53990747e+04 -1.84240680e+04  2.70170588e+03  7.68292589e+03\n",
      "  -2.02090392e+03  1.07362147e+04 -6.90634379e+02]\n",
      " [ 1.46236434e+05  9.31363977e+08  9.38680009e+08  9.37349146e+08\n",
      "   5.80976333e+05  9.43767168e+06  9.44684146e+06  8.01828132e+05\n",
      "   1.13778585e+02  1.51160373e+08  1.48453051e+08  1.83030326e+08\n",
      "   5.64328422e+05 -6.16575282e+08 -6.24494690e+08 -2.62313890e+08\n",
      "   2.98532205e+05  1.00520087e+07  8.82581513e+04  5.81854733e+05\n",
      "   1.53110085e+04  9.12641371e+03  2.74646932e+03 -1.63698863e+04\n",
      "  -2.05865558e+03  7.09743565e+03 -6.99998692e+02]\n",
      " [ 1.34228503e+05  9.29972881e+08  9.37349146e+08  9.40766094e+08\n",
      "   7.41325780e+05  9.36026133e+06  9.37031042e+06  7.95342365e+05\n",
      "   1.04649840e+02  1.49369735e+08  1.46947531e+08  1.81542565e+08\n",
      "   4.18529123e+05 -6.09134103e+08 -6.17095217e+08 -2.59193852e+08\n",
      "   3.01454475e+05  9.87332490e+06  8.83065371e+04  5.83934903e+05\n",
      "   1.51342207e+04  1.00054398e+04  2.74140750e+03 -1.50082253e+04\n",
      "  -2.05537020e+03  4.83750229e+03 -6.99912745e+02]\n",
      " [-9.71858748e+02  1.78022203e+06  5.80976333e+05  7.41325780e+05\n",
      "   1.61028956e+06  1.91540933e+03 -8.61920166e+02 -6.92983778e+01\n",
      "   1.99617111e+02 -2.21487581e+05 -3.29591492e+05 -4.10117440e+05\n",
      "   6.25610078e+04 -8.32949512e+05 -6.80566574e+05 -3.03461826e+05\n",
      "  -5.46724878e+04 -9.19948327e+04  5.17510253e+02 -1.52640110e+04\n",
      "   1.09418237e+02 -2.77734114e+03 -1.46008567e+01  2.30741487e+03\n",
      "   6.95959569e+00  4.82917179e+02  5.67475425e+00]\n",
      " [ 1.97304921e+03  9.43269817e+06  9.43767168e+06  9.36026133e+06\n",
      "   1.91540933e+03  1.22871443e+05  1.22717826e+05  1.04216976e+04\n",
      "   3.53451079e+00  1.71434888e+06  1.65899839e+06  2.07057655e+06\n",
      "   9.24016425e+03 -7.78240032e+06 -7.85699620e+06 -3.30488372e+06\n",
      "   2.54236286e+03  1.19657282e+05  8.44532127e+02  5.10300767e+03\n",
      "   1.92315842e+02 -1.54422997e+02  2.78747226e+01 -1.28820645e+02\n",
      "  -2.07118873e+01  2.80787351e+02 -7.20442796e+00]\n",
      " [ 2.24652179e+03  9.41431995e+06  9.44684146e+06  9.37031042e+06\n",
      "  -8.61920166e+02  1.22717826e+05  1.22851256e+05  1.04328570e+04\n",
      "   1.05545165e+00  1.77984093e+06  1.72883277e+06  2.15558336e+06\n",
      "   8.68677504e+03 -7.68863931e+06 -7.78209430e+06 -3.27187124e+06\n",
      "   3.35759631e+03  1.28183357e+05  8.15477419e+02  7.05674958e+03\n",
      "   1.91069618e+02  1.32480152e+02  2.79409467e+01 -3.89119810e+02\n",
      "  -2.07550598e+01  2.53587150e+02 -7.21870469e+00]\n",
      " [ 1.93266008e+02  7.99123213e+05  8.01828132e+05  7.95342365e+05\n",
      "  -6.92983778e+01  1.04216976e+04  1.04328570e+04  8.86069340e+02\n",
      "   9.92527088e-02  1.50939722e+05  1.46733689e+05  1.82854864e+05\n",
      "   7.19553659e+02 -6.52933684e+05 -6.60863035e+05 -2.77852401e+05\n",
      "   2.84915066e+02  1.08796065e+04  6.91516858e+01  5.98549417e+02\n",
      "   1.62256022e+01  1.10791378e+01  2.37125510e+00 -3.33748256e+01\n",
      "  -1.76162155e+00  2.20375959e+01 -6.12530944e-01]\n",
      " [-2.41535653e+00  3.59605539e+02  1.13778585e+02  1.04649840e+02\n",
      "   1.99617111e+02  3.53451079e+00  1.05545165e+00  9.92527088e-02\n",
      "   2.27513933e-01 -5.61193975e+02 -5.65090651e+02 -7.02507881e+02\n",
      "   2.20033729e+01 -9.51583096e+02 -7.90091186e+02 -3.45292262e+02\n",
      "  -6.47239498e+01 -7.15452070e+01  2.37324673e+00 -1.67958424e+01\n",
      "   1.29172278e-01 -2.47895799e+00  3.67653111e-03  2.26000674e+00\n",
      "  -3.66656625e-03  2.24173773e-01 -1.12109872e-04]\n",
      " [ 1.25125565e+05  1.47822674e+08  1.51160373e+08  1.49369735e+08\n",
      "  -2.21487581e+05  1.71434888e+06  1.77984093e+06  1.50939722e+05\n",
      "  -5.61193975e+02  3.38876730e+08  2.07288162e+08  2.77224835e+08\n",
      "   1.75943786e+07 -9.85670475e+07 -1.05021162e+08 -4.38249218e+07\n",
      "   2.66347356e+05  5.18843422e+06  9.24844605e+03  6.06513730e+05\n",
      "   2.74232024e+03  6.54673034e+04  4.46541377e+02 -6.81292000e+04\n",
      "  -3.16349529e+02  2.77786116e+03 -1.12399367e+02]\n",
      " [ 1.33368672e+05  1.43849774e+08  1.48453051e+08  1.46947531e+08\n",
      "  -3.29591492e+05  1.65899839e+06  1.72883277e+06  1.46733689e+05\n",
      "  -5.65090651e+02  2.07288162e+08  3.40201496e+08  3.71422033e+08\n",
      "   9.35353352e+06 -9.25179142e+07 -9.92438937e+07 -4.14149712e+07\n",
      "   2.72571519e+05  4.52329331e+06 -7.73349218e+04  6.33636624e+05\n",
      "   2.75179634e+03  6.98229965e+04  4.28612076e+02 -7.28872974e+04\n",
      "  -3.22187696e+02  3.03938719e+03 -1.28714549e+02]\n",
      " [ 1.66667274e+05  1.77154042e+08  1.83030326e+08  1.81542565e+08\n",
      "  -4.10117440e+05  2.07057655e+06  2.15558336e+06  1.82854864e+05\n",
      "  -7.02507881e+02  2.77224835e+08  3.71422033e+08  4.47241380e+08\n",
      "   1.62323629e+07 -1.15719106e+08 -1.23904614e+08 -5.17115509e+07\n",
      "   3.29698652e+05  5.67831687e+06 -7.58538004e+04  7.70391626e+05\n",
      "   3.38201896e+03  8.49927609e+04  5.31814632e+02 -8.94822693e+04\n",
      "  -3.88500728e+02  4.50604253e+03 -1.53078194e+02]\n",
      " [-8.25776134e+02  6.89086047e+05  5.64328422e+05  4.18529123e+05\n",
      "   6.25610078e+04  9.24016425e+03  8.68677504e+03  7.19553659e+02\n",
      "   2.20033729e+01  1.75943786e+07  9.35353352e+06  1.62323629e+07\n",
      "   3.24647258e+07 -8.68525387e+05 -8.34893427e+05 -3.44365065e+05\n",
      "  -1.44978551e+04  1.33639453e+05  5.93406846e+04 -3.36290454e+03\n",
      "   2.59557747e+02 -5.53389207e+02  1.72599141e+01  5.67828087e+02\n",
      "   9.11661897e+00  2.96126329e+01  7.08442355e+00]\n",
      " [ 1.10980391e+04 -6.23570796e+08 -6.16575282e+08 -6.09134103e+08\n",
      "  -8.32949512e+05 -7.78240032e+06 -7.68863931e+06 -6.52933684e+05\n",
      "  -9.51583096e+02 -9.85670475e+07 -9.25179142e+07 -1.15719106e+08\n",
      "  -8.68525387e+05  5.65500605e+08  5.64795446e+08  2.37992688e+08\n",
      "   8.07526163e+04 -6.41300522e+06 -6.26135447e+04  2.45669781e+05\n",
      "  -1.36440426e+04  9.37873887e+04 -1.80934084e+03 -8.27958285e+04\n",
      "   1.34443962e+03 -1.11771003e+04  4.68144718e+02]\n",
      " [-7.69392688e+03 -6.29943895e+08 -6.24494690e+08 -6.17095217e+08\n",
      "  -6.80566574e+05 -7.85699620e+06 -7.78209430e+06 -6.60863035e+05\n",
      "  -7.90091186e+02 -1.05021162e+08 -9.92438937e+07 -1.23904614e+08\n",
      "  -8.34893427e+05  5.64795446e+08  5.65487756e+08  2.38191092e+08\n",
      "   2.08846923e+04 -7.04639195e+06 -6.09281272e+04  1.05903899e+05\n",
      "  -1.37040585e+04  7.49406303e+04 -1.83343211e+03 -6.55788696e+04\n",
      "   1.36232723e+03 -9.49593002e+03  4.74461331e+02]\n",
      " [-2.76542367e+03 -2.64776010e+08 -2.62313890e+08 -2.59193852e+08\n",
      "  -3.03461826e+05 -3.30488372e+06 -3.27187124e+06 -2.77852401e+05\n",
      "  -3.45292262e+02 -4.38249218e+07 -4.14149712e+07 -5.17115509e+07\n",
      "  -3.44365065e+05  2.37992688e+08  2.38191092e+08  1.00339073e+08\n",
      "   1.28153025e+04 -2.91395932e+06 -2.56719370e+04  5.42898332e+04\n",
      "  -5.76946595e+03  3.30285978e+04 -7.69861119e+02 -2.88148252e+04\n",
      "   5.72027722e+02 -4.27276512e+03  1.99265403e+02]\n",
      " [ 8.06003030e+02  2.27476235e+05  2.98532205e+05  3.01454475e+05\n",
      "  -5.46724878e+04  2.54236286e+03  3.35759631e+03  2.84915066e+02\n",
      "  -6.47239498e+01  2.66347356e+05  2.72571519e+05  3.29698652e+05\n",
      "  -1.44978551e+04  8.07526163e+04  2.08846923e+04  1.28153025e+04\n",
      "   2.53014918e+04  2.65421399e+04 -6.40525065e+02  6.01691172e+03\n",
      "   1.25731739e+01  8.15186095e+02  7.33636755e+00 -7.43295707e+02\n",
      "  -5.23658067e+00 -7.42357164e+01 -2.20679620e+00]\n",
      " [ 7.79404690e+03  9.13488864e+06  1.00520087e+07  9.87332490e+06\n",
      "  -9.19948327e+04  1.19657282e+05  1.28183357e+05  1.08796065e+04\n",
      "  -7.15452070e+01  5.18843422e+06  4.52329331e+06  5.67831687e+06\n",
      "   1.33639453e+05 -6.41300522e+06 -7.04639195e+06 -2.91395932e+06\n",
      "   2.65421399e+04  4.54185905e+05  2.88355991e+02  6.30549363e+04\n",
      "   1.91298263e+02  8.52365926e+03  3.06081301e+01 -7.72914308e+03\n",
      "  -2.26768053e+01 -8.06604753e+02 -7.87077854e+00]\n",
      " [-3.61722570e+01  8.80338661e+04  8.82581513e+04  8.83065371e+04\n",
      "   5.17510253e+02  8.44532127e+02  8.15477419e+02  6.91516858e+01\n",
      "   2.37324673e+00  9.24844605e+03 -7.73349218e+04 -7.58538004e+04\n",
      "   5.93406846e+04 -6.26135447e+04 -6.09281272e+04 -2.56719370e+04\n",
      "  -6.40525065e+02  2.88355991e+02  7.13010019e+02 -1.86595460e+02\n",
      "   1.39716916e+01 -2.90622994e+01  2.54598940e+00  2.94576017e+01\n",
      "  -1.95598722e+00 -3.11442404e-01 -4.84913017e-01]\n",
      " [ 1.91062947e+03  4.27019177e+05  5.81854733e+05  5.83934903e+05\n",
      "  -1.52640110e+04  5.10300767e+03  7.05674958e+03  5.98549417e+02\n",
      "  -1.67958424e+01  6.06513730e+05  6.33636624e+05  7.70391626e+05\n",
      "  -3.36290454e+03  2.45669781e+05  1.05903899e+05  5.42898332e+04\n",
      "   6.01691172e+03  6.30549363e+04 -1.86595460e+02  1.42787882e+04\n",
      "   1.84691299e+00  1.95311491e+03  1.79228808e+00 -1.78294019e+03\n",
      "  -1.32404140e+00 -1.75301012e+02 -4.70503395e-01]\n",
      " [ 6.77747835e-01  1.53990747e+04  1.53110085e+04  1.51342207e+04\n",
      "   1.09418237e+02  1.92315842e+02  1.91069618e+02  1.62256022e+01\n",
      "   1.29172278e-01  2.74232024e+03  2.75179634e+03  3.38201896e+03\n",
      "   2.59557747e+02 -1.36440426e+04 -1.37040585e+04 -5.76946595e+03\n",
      "   1.25731739e+01  1.91298263e+02  1.39716916e+01  1.84691299e+00\n",
      "   3.30154802e+00 -1.24719561e+00  4.04906199e-01  1.07629190e+00\n",
      "  -3.06405732e-01  1.72049838e-01 -9.94172961e-02]\n",
      " [ 2.74038201e+02 -1.84240680e+04  9.12641371e+03  1.00054398e+04\n",
      "  -2.77734114e+03 -1.54422997e+02  1.32480152e+02  1.10791378e+01\n",
      "  -2.47895799e+00  6.54673034e+04  6.98229965e+04  8.49927609e+04\n",
      "  -5.53389207e+02  9.37873887e+04  7.49406303e+04  3.30285978e+04\n",
      "   8.15186095e+02  8.52365926e+03 -2.90622994e+01  1.95311491e+03\n",
      "  -1.24719561e+00  2.86831449e+02  6.62156855e-02 -2.60342393e+02\n",
      "  -4.31359470e-02 -2.70839673e+01 -1.43047830e-02]\n",
      " [ 3.73328720e-01  2.70170588e+03  2.74646932e+03  2.74140750e+03\n",
      "  -1.46008567e+01  2.78747226e+01  2.79409467e+01  2.37125510e+00\n",
      "   3.67653111e-03  4.46541377e+02  4.28612076e+02  5.31814632e+02\n",
      "   1.72599141e+01 -1.80934084e+03 -1.83343211e+03 -7.69861119e+02\n",
      "   7.33636755e+00  3.06081301e+01  2.54598940e+00  1.79228808e+00\n",
      "   4.04906199e-01  6.62156855e-02  9.73808510e-02 -6.28989338e-02\n",
      "  -6.11212721e-02  4.47774118e-03 -1.93948198e-02]\n",
      " [-1.43266989e+04  7.68292589e+03 -1.63698863e+04 -1.50082253e+04\n",
      "   2.30741487e+03 -1.28820645e+02 -3.89119810e+02 -3.33748256e+01\n",
      "   2.26000674e+00 -6.81292000e+04 -7.28872974e+04 -8.94822693e+04\n",
      "   5.67828087e+02 -8.27958285e+04 -6.55788696e+04 -2.88148252e+04\n",
      "  -7.43295707e+02 -7.72914308e+03  2.94576017e+01 -1.78294019e+03\n",
      "   1.07629190e+00 -2.60342393e+02 -6.28989338e-02  2.63700400e+03\n",
      "  -1.05080260e-01 -2.37638168e+03  1.76906933e-01]\n",
      " [ 6.78258116e-01 -2.02090392e+03 -2.05865558e+03 -2.05537020e+03\n",
      "   6.95959569e+00 -2.07118873e+01 -2.07550598e+01 -1.76162155e+00\n",
      "  -3.66656625e-03 -3.16349529e+02 -3.22187696e+02 -3.88500728e+02\n",
      "   9.11661897e+00  1.34443962e+03  1.36232723e+03  5.72027722e+02\n",
      "  -5.23658067e+00 -2.26768053e+01 -1.95598722e+00 -1.32404140e+00\n",
      "  -3.06405732e-01 -4.31359470e-02 -6.11212721e-02 -1.05080260e-01\n",
      "   6.94667986e-02  1.58402548e-01  1.17872359e-02]\n",
      " [ 1.40546454e+04  1.07362147e+04  7.09743565e+03  4.83750229e+03\n",
      "   4.82917179e+02  2.80787351e+02  2.53587150e+02  2.20375959e+01\n",
      "   2.24173773e-01  2.77786116e+03  3.03938719e+03  4.50604253e+03\n",
      "   2.96126329e+01 -1.11771003e+04 -9.49593002e+03 -4.27276512e+03\n",
      "  -7.42357164e+01 -8.06604753e+02 -3.11442404e-01 -1.75301012e+02\n",
      "   1.72049838e-01 -2.70839673e+01  4.47774118e-03 -2.37638168e+03\n",
      "   1.58402548e-01  2.40403039e+03 -1.55594860e-01]\n",
      " [-1.04993008e+00 -6.90634379e+02 -6.99998692e+02 -6.99912745e+02\n",
      "   5.67475425e+00 -7.20442796e+00 -7.21870469e+00 -6.12530944e-01\n",
      "  -1.12109872e-04 -1.12399367e+02 -1.28714549e+02 -1.53078194e+02\n",
      "   7.08442355e+00  4.68144718e+02  4.74461331e+02  1.99265403e+02\n",
      "  -2.20679620e+00 -7.87077854e+00 -4.84913017e-01 -4.70503395e-01\n",
      "  -9.94172961e-02 -1.43047830e-02 -1.93948198e-02  1.76906933e-01\n",
      "   1.17872359e-02 -1.55594860e-01  2.05896104e-02]]\n"
     ]
    },
    {
     "data": {
      "text/plain": [
       "0       1.857403e-58\n",
       "1       1.857403e-58\n",
       "2       1.857403e-58\n",
       "3       1.857403e-58\n",
       "4       1.857403e-58\n",
       "            ...     \n",
       "9780    1.857403e-58\n",
       "9781    1.857403e-58\n",
       "9782    1.857403e-58\n",
       "9783    1.857403e-58\n",
       "9784    1.857403e-58\n",
       "Length: 9785, dtype: float64"
      ]
     },
     "execution_count": 94,
     "metadata": {},
     "output_type": "execute_result"
    }
   ],
   "source": [
    "# Computing mean and covariance matrix for multivariate guassian analysis\n",
    "\n",
    "def compute_mu_and_covariance(df):\n",
    "    mu = np.mean(df,axis=0)\n",
    "    sigma = np.cov(df.T)\n",
    "    return mu,sigma\n",
    "\n",
    "mu,sigma = compute_mu_and_covariance(df)\n",
    "\n",
    "# Applying the multivariate guassian model for the probabilities\n",
    "\n",
    "def est_mult_gaus(dataset, mu, sigma):\n",
    "    eq_part_one = 1/m.sqrt(np.power(2 * np.pi, len(dataset)) * np.linalg.det(sigma))\n",
    "    eq_part_2 = np.atleast_2d(dataset - mu)\n",
    "    eq_part3 = np.linalg.inv(sigma)\n",
    "    eq_part4 = dataset - mu\n",
    "    a = np.matmul(eq_part_2, eq_part3)\n",
    "    b = np.matmul(a, eq_part4)\n",
    "    result = eq_part_one * np.exp(-0.5 * b)\n",
    "    return result\n",
    "\n",
    "p = est_mult_gaus(df, mu, sigma)\n",
    "p"
   ]
  },
  {
   "cell_type": "code",
   "execution_count": 97,
   "id": "2c9f36f8",
   "metadata": {},
   "outputs": [
    {
     "name": "stdout",
     "output_type": "stream",
     "text": [
      "[[ 9.62284670e+08  9.55413287e+08  2.69904310e+05  2.69904310e+05\n",
      "   9.94175000e+06  9.91346758e+06  8.41486591e+05  4.23795731e+02\n",
      "   1.55673637e+08  1.46862529e+08  1.78624315e+08  1.02125205e+06\n",
      "  -6.49882946e+08 -6.56268097e+08 -2.75798628e+08  2.46389051e+05\n",
      "   9.72742487e+06  9.06531169e+04  4.09614967e+05  1.60047293e+04\n",
      "  -2.84070236e+04  2.77320791e+03  8.45264202e+04 -2.06438407e+03\n",
      "  -5.60244907e+04 -7.21799703e+02]\n",
      " [ 9.55413287e+08  9.61158082e+08  2.70313546e+05  2.70313546e+05\n",
      "   9.92483559e+06  9.92364639e+06  8.42349218e+05  2.02247287e+02\n",
      "   1.60881292e+08  1.53820827e+08  1.87399229e+08  8.83615232e+05\n",
      "  -6.41451021e+08 -6.49352686e+08 -2.72722582e+08  3.21158109e+05\n",
      "   1.05859383e+07  8.92484406e+04  5.60909078e+05  1.58805332e+04\n",
      "  -1.34397421e+03  2.80790579e+03  6.33500500e+04 -2.09261313e+03\n",
      "  -6.20080495e+04 -7.25638497e+02]\n",
      " [ 2.69904310e+05  2.70313546e+05  4.38382793e+05  4.38382793e+05\n",
      "   4.50389746e+03  4.53718550e+03  3.86181004e+02 -6.14573640e-02\n",
      "   4.45204499e+04  4.41651847e+04  5.42113141e+04  6.68473035e-15\n",
      "  -1.98283204e+05 -2.02011531e+05 -8.42693590e+04  1.64166276e+01\n",
      "   4.86985489e+03 -4.26104390e-01  4.02414625e+02  4.02887164e-02\n",
      "   3.32211195e+01  6.14573640e-03  4.90861332e+02 -1.20183290e-01\n",
      "  -5.27408661e+02  1.14720413e-01]\n",
      " [ 2.69904310e+05  2.70313546e+05  4.38382793e+05  4.38382793e+05\n",
      "   4.50389746e+03  4.53718550e+03  3.86181004e+02 -6.14573640e-02\n",
      "   4.45204499e+04  4.41651847e+04  5.42113141e+04 -5.49499197e-15\n",
      "  -1.98283204e+05 -2.02011531e+05 -8.42693590e+04  1.64166276e+01\n",
      "   4.86985489e+03 -4.26104390e-01  4.02414625e+02  4.02887164e-02\n",
      "   3.32211195e+01  6.14573640e-03  4.90861332e+02 -1.20183290e-01\n",
      "  -5.27408661e+02  1.14720413e-01]\n",
      " [ 9.94175000e+06  9.92483559e+06  4.50389746e+03  4.50389746e+03\n",
      "   1.32298217e+05  1.31979433e+05  1.12044036e+04  4.99150374e+00\n",
      "   1.79689942e+06  1.70672209e+06  2.12626571e+06  9.28949653e+03\n",
      "  -8.20043485e+06 -8.27391334e+06 -3.47960646e+06  2.74351845e+03\n",
      "   1.27296014e+05  8.77315640e+02  4.70369800e+03  2.01414290e+02\n",
      "  -3.19159931e+02  2.92074237e+01  1.24153383e+03 -2.15835425e+01\n",
      "  -9.18111736e+02 -7.66759615e+00]\n",
      " [ 9.91346758e+06  9.92364639e+06  4.53718550e+03  4.53718550e+03\n",
      "   1.31979433e+05  1.31939730e+05  1.12010204e+04  2.58621820e+00\n",
      "   1.86011641e+06  1.77397349e+06  2.20712294e+06  8.73992272e+03\n",
      "  -8.09809182e+06 -8.18969386e+06 -3.44272018e+06  3.52417479e+03\n",
      "   1.35204637e+05  8.47662507e+02  6.58696903e+03  1.99890650e+02\n",
      "  -4.07279289e+01  2.92452165e+01  1.02073446e+03 -2.16142956e+01\n",
      "  -9.76072950e+02 -7.67085624e+00]\n",
      " [ 8.41486591e+05  8.42349218e+05  3.86181004e+02  3.86181004e+02\n",
      "   1.12044036e+04  1.12010204e+04  9.50995493e+02  2.27672434e-01\n",
      "   1.58070374e+05  1.50669907e+05  1.87409515e+05  7.28655676e+02\n",
      "  -6.87441921e+05 -6.95221729e+05 -2.92252215e+05  2.98872242e+02\n",
      "   1.14783895e+04  7.18969582e+01  5.59381760e+02  1.69680692e+01\n",
      "  -3.47335815e+00  2.48187751e+00  8.68242999e+01 -1.83476347e+00\n",
      "  -8.30210057e+01 -6.51373463e-01]\n",
      " [ 4.23795731e+02  2.02247287e+02 -6.14573640e-02 -6.14573640e-02\n",
      "   4.99150374e+00  2.58621820e+00  2.27672434e-01  2.21434587e-01\n",
      "  -5.28137912e+02 -5.22028007e+02 -6.50294931e+02  3.91169865e+00\n",
      "  -9.66969969e+02 -8.09762135e+02 -3.53147781e+02 -1.77322527e+01\n",
      "  -6.69892831e+01  2.75139611e-01 -1.62059341e+01  1.51635364e-02\n",
      "  -2.40578578e+00  8.25099875e-04  1.92849529e+00 -6.75461563e-04\n",
      "   4.79460008e-01 -9.65360393e-04]\n",
      " [ 1.55673637e+08  1.60881292e+08  4.45204499e+04  4.45204499e+04\n",
      "   1.79689942e+06  1.86011641e+06  1.58070374e+05 -5.28137912e+02\n",
      "   3.45577125e+08  2.09822734e+08  2.78516114e+08  1.67945491e+07\n",
      "  -1.01563267e+08 -1.07883023e+08 -4.50040274e+07  2.68917646e+05\n",
      "   5.23187708e+06  1.00459562e+04  5.89724791e+05  2.78896170e+03\n",
      "   6.28554131e+04  4.46673418e+02 -3.73061632e+04 -3.31028907e+02\n",
      "  -2.58747347e+04 -1.29507904e+02]\n",
      " [ 1.46862529e+08  1.53820827e+08  4.41651847e+04  4.41651847e+04\n",
      "   1.70672209e+06  1.77397349e+06  1.50669907e+05 -5.22028007e+02\n",
      "   2.09822734e+08  3.41028303e+08  3.74724951e+08  9.69996253e+06\n",
      "  -9.34499041e+07 -1.00002225e+08 -4.17138684e+07  2.61737166e+05\n",
      "   4.46538295e+06 -8.96979799e+04  6.16571115e+05  2.34740843e+03\n",
      "   6.71047579e+04  4.09286008e+02 -4.33703629e+04 -2.97552521e+02\n",
      "  -2.41638134e+04 -1.14498258e+02]\n",
      " [ 1.78624315e+08  1.87399229e+08  5.42113141e+04  5.42113141e+04\n",
      "   2.12626571e+06  2.20712294e+06  1.87409515e+05 -6.50294931e+02\n",
      "   2.78516114e+08  3.74724951e+08  4.49427108e+08  1.64540034e+07\n",
      "  -1.16654209e+08 -1.24555246e+08 -5.19632837e+07  3.23118811e+05\n",
      "   5.58832959e+06 -9.37209697e+04  7.42125661e+05  3.08204129e+03\n",
      "   8.06506205e+04  5.29686680e+02 -5.36610375e+04 -3.71188009e+02\n",
      "  -2.75287810e+04 -1.37569757e+02]\n",
      " [ 1.02125205e+06  8.83615232e+05  6.68473035e-15 -5.49499197e-15\n",
      "   9.28949653e+03  8.73992272e+03  7.28655676e+02  3.91169865e+00\n",
      "   1.67945491e+07  9.69996253e+06  1.64540034e+07  3.29080069e+07\n",
      "  -9.33523239e+05 -9.02035343e+05 -3.72564703e+05 -2.95588979e+04\n",
      "   1.16657578e+05  2.24204283e+04 -3.22654502e+03 -9.56982442e+01\n",
      "  -5.42883830e+02 -5.75224581e+00  5.12552981e+02 -4.22427521e+00\n",
      "  -8.09177215e+00 -6.68997550e+00]\n",
      " [-6.49882946e+08 -6.41451021e+08 -1.98283204e+05 -1.98283204e+05\n",
      "  -8.20043485e+06 -8.09809182e+06 -6.87441921e+05 -9.66969969e+02\n",
      "  -1.01563267e+08 -9.34499041e+07 -1.16654209e+08 -9.33523239e+05\n",
      "   5.86695405e+08  5.85955031e+08  2.46861982e+08  8.04608344e+04\n",
      "  -6.78004358e+06 -6.50517127e+04  2.63529584e+05 -1.41466230e+04\n",
      "   1.02232426e+05 -1.88051422e+03 -1.44042865e+05  1.39011227e+03\n",
      "   4.12835205e+04  4.92746773e+02]\n",
      " [-6.56268097e+08 -6.49352686e+08 -2.02011531e+05 -2.02011531e+05\n",
      "  -8.27391334e+06 -8.18969386e+06 -6.95221729e+05 -8.09762135e+02\n",
      "  -1.07883023e+08 -1.00002225e+08 -1.24555246e+08 -9.02035343e+05\n",
      "   5.85955031e+08  5.86561610e+08  2.47026598e+08  2.30038965e+04\n",
      "  -7.38145884e+06 -6.34385716e+04  1.29257210e+05 -1.42015313e+04\n",
      "   8.41310956e+04 -1.90436001e+03 -1.30865613e+05  1.40817169e+03\n",
      "   4.62379225e+04  4.98790516e+02]\n",
      " [-2.75798628e+08 -2.72722582e+08 -8.42693590e+04 -8.42693590e+04\n",
      "  -3.47960646e+06 -3.44272018e+06 -2.92252215e+05 -3.53147781e+02\n",
      "  -4.50040274e+07 -4.17138684e+07 -5.19632837e+07 -3.72564703e+05\n",
      "   2.46861982e+08  2.47026598e+08  1.04043229e+08  1.36034549e+04\n",
      "  -3.05692571e+06 -2.67345421e+04  6.38550633e+04 -5.97839338e+03\n",
      "   3.68471067e+04 -7.99649626e+02 -5.58698237e+04  5.91286968e+02\n",
      "   1.88116060e+04  2.09468555e+02]\n",
      " [ 2.46389051e+05  3.21158109e+05  1.64166276e+01  1.64166276e+01\n",
      "   2.74351845e+03  3.52417479e+03  2.98872242e+02 -1.77322527e+01\n",
      "   2.68917646e+05  2.61737166e+05  3.23118811e+05 -2.95588979e+04\n",
      "   8.04608344e+04  2.30038965e+04  1.36034549e+04  2.43743626e+04\n",
      "   2.53344332e+04 -3.42501915e+02  5.76885235e+03  6.99634739e+00\n",
      "   7.80117605e+02  3.16730449e+00 -5.68489612e+02 -2.71019917e+00\n",
      "  -2.13007126e+02 -7.82488529e-01]\n",
      " [ 9.72742487e+06  1.05859383e+07  4.86985489e+03  4.86985489e+03\n",
      "   1.27296014e+05  1.35204637e+05  1.14783895e+04 -6.69892831e+01\n",
      "   5.23187708e+06  4.46538295e+06  5.58832959e+06  1.16657578e+05\n",
      "  -6.78004358e+06 -7.38145884e+06 -3.05692571e+06  2.53344332e+04\n",
